1766367838564 259.3975067138672 1
1766367840656 22.952795028686523 2
1766367842752 49.73721504211426 3
1766367849089 43.05529594421387 4
1766367851132 20.209074020385742 5
1766367855305 50.31466484069824 6
1766367867948 42.17219352722168 7
1766367874165 20.904541015625 8
1766367876243 26.11565589904785 9
1766367880427 48.569679260253906 10
1766367882519 48.80356788635254 11
1766367884613 43.86115074157715 12
1766367890917 30.04908561706543 13
1766367893019 56.64372444152832 14
1766367897229 54.764747619628906 15
1766367909775 17.624855041503906 16
1766367916028 45.438289642333984 17
1766367918138 50.84633827209473 18
1766367922314 45.03154754638672 19
1766367924466 89.54572677612305 20
1766367926581 47.21784591674805 21
1766367932904 55.538177490234375 22
1766367935025 62.69431114196777 23
1766367939223 41.54229164123535 24
1766367951765 55.65142631530762 25
1766367958086 53.53832244873047 26
1766367960190 52.38199234008789 27
1766367964396 75.41847229003906 28
1766367966509 46.79226875305176 29
1766367968596 41.33200645446777 30
1766367974885 43.77269744873047 31
1766367976984 43.543338775634766 32
1766367981175 52.53148078918457 33
1766367993722 41.419029235839844 34
1766367999985 62.14404106140137 35
1766368002081 59.71336364746094 36
1766368006268 22.444486618041992 37
1766368008341 38.60783576965332 38
1766368010443 59.9520206451416 39
1766368016715 38.689374923706055 40
1766368018808 49.860239028930664 41
1766368023096 111.98019981384277 42
1766368035616 37.88471221923828 43
1766368041908 49.14259910583496 44
1766368043990 44.64221000671387 45
1766369046289 383.8837146759033 46
1766369050654 1556.0057163238525 47
1766369054015 976.8147468566895 48
1766369061810 216.72511100769043 49
1766369064362 421.89598083496094 50
1766369074526 110.45360565185547 51
1766369079799 767.1890258789062 52
1766369082146 218.4760570526123 53
1766369087254 345.13330459594727 54
1766369092997 329.6656608581543 55
1766369101431 499.56488609313965 56
1766369104542 913.65647315979 57
1766369108970 1988.673448562622 58
1766369118749 740.5402660369873 59
1766369121307 424.90601539611816 60
1766369132537 148.7448215484619 61
1766369137463 353.2528877258301 62
1766369140171 602.7548313140869 63
1766369145064 560.6775283813477 64
1766369149424 70.8465576171875 65
1766369155885 90.26670455932617 66
1766369158035 100.83556175231934 67
1766369160204 49.172401428222656 68
1766369166567 55.62949180603027 69
1766369168677 50.940513610839844 70
1766369177167 56.493520736694336 71
1766369181352 33.37502479553223 72
1766369183477 66.60223007202148 73
1766369187773 72.72505760192871 74
1766369192001 50.09198188781738 75
1766369198834 359.32254791259766 76
1766369201063 48.9201545715332 77
1766369203202 63.41814994812012 78
1766369209967 61.801910400390625 79
1766369212077 57.62600898742676 80
1766369220596 39.43586349487305 81
1766369224856 61.860084533691406 82
1766369227026 119.12345886230469 83
1766369231304 63.951969146728516 84
1766369235582 73.00019264221191 85
1766369241998 42.02532768249512 86
1766369244131 69.46158409118652 87
1766369246281 93.03021430969238 88
1766369252805 81.94422721862793 89
1766369254962 86.32183074951172 90
1766369263898 197.88670539855957 91
1766369268137 42.350053787231445 92
1766369270253 65.81330299377441 93
1766369274527 56.540727615356445 94
1766369278758 59.27896499633789 95
