1766367838573 0.0 1
1766367840656 0.0 2
1766367842755 0.0 3
1766367849092 0.0 4
1766367851135 0.0 5
1766367855308 0.0 6
1766367867959 0.0 7
1766367874167 0.0 8
1766367876252 0.0 9
1766367880429 0.0 10
1766367882522 0.0 11
1766367884617 0.0 12
1766367890918 0.0 13
1766367893024 0.0 14
1766367897231 0.0 15
1766367909777 0.0 16
1766367916036 0.0 17
1766367918138 0.0 18
1766367922318 0.0 19
1766367924468 0.0 20
1766367926586 0.0 21
1766367932911 0.0 22
1766367935028 0.0 23
1766367939223 0.0 24
1766367951771 0.0 25
1766367958094 0.0 26
1766367960193 0.0 27
1766367964403 0.0 28
1766367966511 0.0 29
1766367968599 0.0 30
1766367974887 0.0 31
1766367976986 0.0 32
1766367981180 0.0 33
1766367993727 0.0 34
1766367999987 0.0 35
1766368002083 0.0 36
1766368006271 0.0 37
1766368008344 0.0 38
1766368010445 0.0 39
1766368016717 0.0 40
1766368018810 0.0 41
1766368023100 0.0 42
1766368035619 0.0 43
1766368041910 0.0 44
1766368043993 0.0 45
1766369046555 0.0 46
1766369050693 0.0 47
1766369054032 0.0 48
1766369061831 0.0 49
1766369064412 0.0 50
1766369074536 0.0 51
1766369079827 0.0 52
1766369082169 0.0 53
1766369087271 0.0 54
1766369093028 0.0 55
1766369101447 0.0 56
1766369104566 0.0 57
1766369109075 0.0 58
1766369118765 0.0 59
1766369121363 0.0 60
1766369132554 0.0 61
1766369137478 0.0 62
1766369140191 0.0 63
1766369145108 0.0 64
1766369149446 0.0 65
1766369155891 0.0 66
1766369158041 0.0 67
1766369160210 0.0 68
1766369166567 0.0 69
1766369168681 0.0 70
1766369177172 0.0 71
1766369181357 0.0 72
1766369183514 0.0 73
1766369187777 0.0 74
1766369192033 0.0 75
1766369198877 0.0 76
1766369201069 0.0 77
1766369203203 0.0 78
1766369209976 0.0 79
1766369212082 0.0 80
1766369220599 0.0 81
1766369224860 0.0 82
1766369227032 0.0 83
1766369231313 0.0 84
1766369235589 0.0 85
1766369242002 0.0 86
1766369244140 0.0 87
1766369246289 0.0 88
1766369252810 0.0 89
1766369254982 0.0 90
1766369263901 0.0 91
1766369268141 0.0 92
1766369270255 0.0 93
1766369274541 0.0 94
1766369278761 0.0 95
