1766367838577 7.285459806719011e-11 1
1766367840656 7.285459806719011e-11 2
1766367842757 7.285459806719011e-11 3
1766367849095 7.285459806719011e-11 4
1766367851135 7.285459806719011e-11 5
1766367855310 7.285459806719011e-11 6
1766367867962 7.285459806719011e-11 7
1766367874169 7.285459806719011e-11 8
1766367876253 7.285459806719011e-11 9
1766367880430 7.285459806719011e-11 10
1766367882523 7.285459806719011e-11 11
1766367884619 7.285459806719011e-11 12
1766367890919 7.285459806719011e-11 13
1766367893031 7.285459806719011e-11 14
1766367897232 7.285459806719011e-11 15
1766367909779 7.285459806719011e-11 16
1766367916040 7.285459806719011e-11 17
1766367918138 7.285459806719011e-11 18
1766367922320 7.285459806719011e-11 19
1766367924473 7.285459806719011e-11 20
1766367926588 7.285459806719011e-11 21
1766367932913 7.285459806719011e-11 22
1766367935030 7.285459806719011e-11 23
1766367939223 7.285459806719011e-11 24
1766367951776 7.285459806719011e-11 25
1766367958102 7.285459806719011e-11 26
1766367960195 7.285459806719011e-11 27
1766367964407 7.285459806719011e-11 28
1766367966514 7.285459806719011e-11 29
1766367968601 7.285459806719011e-11 30
1766367974889 7.285459806719011e-11 31
1766367976988 7.285459806719011e-11 32
1766367981181 7.285459806719011e-11 33
1766367993729 7.285459806719011e-11 34
1766367999989 7.285459806719011e-11 35
1766368002084 7.285459806719011e-11 36
1766368006280 7.285459806719011e-11 37
1766368008346 7.285459806719011e-11 38
1766368010447 7.285459806719011e-11 39
1766368016717 7.285459806719011e-11 40
1766368018813 7.285459806719011e-11 41
1766368023106 7.285459806719011e-11 42
1766368035620 7.285459806719011e-11 43
1766368041912 7.285459806719011e-11 44
1766368043994 7.285459806719011e-11 45
1766369046985 7.285459806719011e-11 46
1766369050777 7.285459806719011e-11 47
1766369054071 7.285459806719011e-11 48
1766369061847 7.285459806719011e-11 49
1766369064431 7.285459806719011e-11 50
1766369074545 7.285459806719011e-11 51
1766369079841 7.285459806719011e-11 52
1766369082199 7.285459806719011e-11 53
1766369087293 7.285459806719011e-11 54
1766369093048 7.285459806719011e-11 55
1766369101497 7.285459806719011e-11 56
1766369104611 7.285459806719011e-11 57
1766369109404 7.285459806719011e-11 58
1766369118794 7.285459806719011e-11 59
1766369121426 7.285459806719011e-11 60
1766369132568 7.285459806719011e-11 61
1766369137495 7.285459806719011e-11 62
1766369140210 7.285459806719011e-11 63
1766369145135 7.285459806719011e-11 64
1766369149478 7.285459806719011e-11 65
1766369155895 7.285459806719011e-11 66
1766369158043 7.285459806719011e-11 67
1766369160214 7.285459806719011e-11 68
1766369166575 7.285459806719011e-11 69
1766369168686 7.285459806719011e-11 70
1766369177176 7.285459806719011e-11 71
1766369181357 7.285459806719011e-11 72
1766369183518 7.285459806719011e-11 73
1766369187781 7.285459806719011e-11 74
1766369192039 7.285459806719011e-11 75
1766369198919 7.285459806719011e-11 76
1766369201075 7.285459806719011e-11 77
1766369203203 7.285459806719011e-11 78
1766369209985 7.285459806719011e-11 79
1766369212086 7.285459806719011e-11 80
1766369220603 7.285459806719011e-11 81
1766369224867 7.285459806719011e-11 82
1766369227037 7.285459806719011e-11 83
1766369231313 7.285459806719011e-11 84
1766369235592 7.285459806719011e-11 85
1766369242004 7.285459806719011e-11 86
1766369244142 7.285459806719011e-11 87
1766369246295 7.285459806719011e-11 88
1766369252814 7.285459806719011e-11 89
1766369254999 7.285459806719011e-11 90
1766369263901 7.285459806719011e-11 91
1766369268141 7.285459806719011e-11 92
1766369270259 7.285459806719011e-11 93
1766369274548 7.285459806719011e-11 94
1766369278764 7.285459806719011e-11 95
