1766367844886 0.0 1
1766367846985 0.0 2
1766367853219 0.0 3
1766367857389 0.0 4
1766367859498 0.0 5
1766367861606 0.0 6
1766367863725 0.0 7
1766367865858 0.0 8
1766367870029 0.0 9
1766367872100 0.0 10
1766367878330 0.0 11
1766367886737 0.0 12
1766367888835 0.0 13
1766367895132 0.0 14
1766367899310 0.0 15
1766367901400 0.0 16
1766367903506 0.0 17
1766367905620 0.0 18
1766367907717 0.0 19
1766367911856 0.0 20
1766367913956 0.0 21
1766367920222 0.0 22
1766367928709 0.0 23
1766367930819 0.0 24
1766367937130 0.0 25
1766367941305 0.0 26
1766367943385 0.0 27
1766367945483 0.0 28
1766367947580 0.0 29
1766367949650 0.0 30
1766367953889 0.0 31
1766367955980 0.0 32
1766367962264 0.0 33
1766367970693 0.0 34
1766367972791 0.0 35
1766367979086 0.0 36
1766367983257 0.0 37
1766367985341 0.0 38
1766367987426 0.0 39
1766367989520 0.0 40
1766367991641 0.0 41
1766367995789 0.0 42
1766367997886 0.0 43
1766368004199 0.0 44
1766368012536 0.0 45
1766368014623 0.0 46
1766368020936 0.0 47
1766368025200 0.0 48
1766368027258 0.0 49
1766368029330 0.0 50
1766368031439 0.0 51
1766368033536 0.0 52
1766368037720 0.0 53
1766368039817 0.0 54
1766368046082 0.0 55
1766369041104 0.0 56
1766369043681 0.0 57
1766369056506 0.0 58
1766369059412 0.0 59
1766369067369 0.0 60
1766369069840 0.0 61
1766369072322 0.0 62
1766369076929 0.0 63
1766369084774 0.0 64
1766369090573 0.0 65
1766369095988 0.0 66
1766369098823 0.0 67
1766369112703 0.0 68
1766369115776 0.0 69
1766369124202 0.0 70
1766369127423 0.0 71
1766369130324 0.0 72
1766369134957 0.0 73
1766369142400 0.0 74
1766369147303 0.0 75
1766369151614 0.0 76
1766369153750 0.0 77
1766369162342 0.0 78
1766369164452 0.0 79
1766369170847 0.0 80
1766369172966 0.0 81
1766369175066 0.0 82
1766369179274 0.0 83
1766369185644 0.0 84
1766369189913 0.0 85
1766369194156 0.0 86
1766369196380 0.0 87
1766369205338 0.0 88
1766369207805 0.0 89
1766369214182 0.0 90
1766369216364 0.0 91
1766369218502 0.0 92
1766369222729 0.0 93
1766369229173 0.0 94
1766369233436 0.0 95
1766369237787 0.0 96
1766369239909 0.0 97
1766369248469 0.0 98
1766369250647 0.0 99
1766369257311 0.0 100
1766369259548 0.0 101
1766369261663 0.0 102
1766369266042 0.0 103
1766369272422 0.0 104
1766369276663 0.0 105
