1766367844882 87.34512329101562 1
1766367846979 32.08351135253906 2
1766367853216 46.033382415771484 3
1766367857386 20.835161209106445 4
1766367859495 60.78028678894043 5
1766367861604 66.52545928955078 6
1766367863722 54.799556732177734 7
1766367865842 56.8699836730957 8
1766367870024 37.54258155822754 9
1766367872097 27.695655822753906 10
1766367878326 30.127763748168945 11
1766367886734 52.1390438079834 12
1766367888832 51.499366760253906 13
1766367895128 49.256086349487305 14
1766367899307 34.507036209106445 15
1766367901396 40.164947509765625 16
1766367903498 62.4852180480957 17
1766367905617 52.83689498901367 18
1766367907711 45.70603370666504 19
1766367911852 47.79505729675293 20
1766367913951 44.243812561035156 21
1766367920219 47.719478607177734 22
1766367928702 53.31563949584961 23
1766367930816 51.965951919555664 24
1766367937127 62.54863739013672 25
1766367941302 56.53524398803711 26
1766367943382 47.34969139099121 27
1766367945480 47.14155197143555 28
1766367947577 49.050092697143555 29
1766367949646 16.66569709777832 30
1766367953881 74.70989227294922 31
1766367955977 53.42841148376465 32
1766367962262 19.422531127929688 33
1766367970690 46.013593673706055 34
1766367972786 42.12546348571777 35
1766367979082 57.72042274475098 36
1766367983253 34.63387489318848 37
1766367985339 22.36318588256836 38
1766367987421 48.772335052490234 39
1766367989516 43.22981834411621 40
1766367991637 46.2946891784668 41
1766367995782 18.171310424804688 42
1766367997883 44.022560119628906 43
1766368004191 69.61703300476074 44
1766368012531 27.80628204345703 45
1766368014620 45.517683029174805 46
1766368020932 59.23795700073242 47
1766368025197 47.6381778717041 48
1766368027256 25.580644607543945 49
1766368029326 28.172969818115234 50
1766368031430 59.33785438537598 51
1766368033533 49.008846282958984 52
1766368037716 51.13554000854492 53
1766368039812 49.29947853088379 54
1766368046078 54.72850799560547 55
1766369041030 1746.722936630249 56
1766369043613 334.17224884033203 57
1766369056493 304.78835105895996 58
1766369059383 703.6199569702148 59
1766369067343 703.7434577941895 60
1766369069825 215.84773063659668 61
1766369072299 367.39063262939453 62
1766369076898 279.42609786987305 63
1766369084731 432.91306495666504 64
1766369090557 1125.2021789550781 65
1766369095966 645.9348201751709 66
1766369098800 719.1152572631836 67
1766369112606 813.1201267242432 68
1766369115747 872.9822635650635 69
1766369124145 482.74946212768555 70
1766369127335 921.3106632232666 71
1766369130308 682.8336715698242 72
1766369134931 285.6886386871338 73
1766369142391 108.63542556762695 74
1766369147297 62.421321868896484 75
1766369151605 65.44327735900879 76
1766369153741 65.00029563903809 77
1766369162339 67.87109375 78
1766369164448 52.92057991027832 79
1766369170844 67.53230094909668 80
1766369172962 53.16495895385742 81
1766369175057 54.763078689575195 82
1766369179271 51.204681396484375 83
1766369185641 74.17941093444824 84
1766369189906 81.42232894897461 85
1766369194147 40.59195518493652 86
1766369196375 150.34222602844238 87
1766369205331 79.34212684631348 88
1766369207765 309.2947006225586 89
1766369214178 39.34812545776367 90
1766369216360 108.56056213378906 91
1766369218497 74.0363597869873 92
1766369222725 67.61837005615234 93
1766369229169 78.2480239868164 94
1766369233428 76.40719413757324 95
1766369237779 114.32719230651855 96
1766369239907 49.47662353515625 97
1766369248455 116.67060852050781 98
1766369250643 109.40885543823242 99
1766369257274 161.1006259918213 100
1766369259544 55.92679977416992 101
1766369261656 55.028438568115234 102
1766369266038 86.43651008605957 103
1766369272415 102.79417037963867 104
1766369276659 64.13602828979492 105
