1766367844890 0.00026397043257020414 1
1766367846988 0.00026397043257020414 2
1766367853224 0.00026397043257020414 3
1766367857392 0.00026397043257020414 4
1766367859501 0.00026397043257020414 5
1766367861608 0.00026397043257020414 6
1766367863727 0.00026397043257020414 7
1766367865864 0.00026397043257020414 8
1766367870030 0.00026397043257020414 9
1766367872102 0.00026397043257020414 10
1766367878332 0.00026397043257020414 11
1766367886739 0.00026397043257020414 12
1766367888838 0.00026397043257020414 13
1766367895134 0.00026397043257020414 14
1766367899311 0.00026397043257020414 15
1766367901404 0.00026397043257020414 16
1766367903512 0.00026397043257020414 17
1766367905622 0.00026397043257020414 18
1766367907719 0.00026397043257020414 19
1766367911858 0.00026397043257020414 20
1766367913956 0.00026397043257020414 21
1766367920224 0.00026397043257020414 22
1766367928716 0.00026397043257020414 23
1766367930822 0.00026397043257020414 24
1766367937135 0.00026397043257020414 25
1766367941308 0.00026397043257020414 26
1766367943388 0.00026397043257020414 27
1766367945484 0.00026397043257020414 28
1766367947583 0.00026397043257020414 29
1766367949654 0.00026397043257020414 30
1766367953897 0.00026397043257020414 31
1766367955981 0.00026397043257020414 32
1766367962267 0.00026397043257020414 33
1766367970695 0.00026397043257020414 34
1766367972793 0.00026397043257020414 35
1766367979088 0.00026397043257020414 36
1766367983259 0.00026397043257020414 37
1766367985344 0.00026397043257020414 38
1766367987427 0.00026397043257020414 39
1766367989523 0.00026397043257020414 40
1766367991642 0.00026397043257020414 41
1766367995792 0.00026397043257020414 42
1766367997890 0.00026397043257020414 43
1766368004205 0.00026397043257020414 44
1766368012540 0.00026397043257020414 45
1766368014625 0.00026397043257020414 46
1766368020938 0.00026397043257020414 47
1766368025202 0.00026397043257020414 48
1766368027260 0.00026397043257020414 49
1766368029333 0.00026397043257020414 50
1766368031446 0.00026397043257020414 51
1766368033538 0.00026397043257020414 52
1766368037722 0.00026397043257020414 53
1766368039817 0.00026397043257020414 54
1766368046084 0.00026397043257020414 55
1766369041139 0.00026397043257020414 56
1766369043713 0.00026397043257020414 57
1766369056530 0.00026397043257020414 58
1766369059427 0.00026397043257020414 59
1766369067405 0.00026397043257020414 60
1766369069849 0.00026397043257020414 61
1766369072338 0.00026397043257020414 62
1766369076950 0.00026397043257020414 63
1766369084787 0.00026397043257020414 64
1766369090590 0.00026397043257020414 65
1766369096019 0.00026397043257020414 66
1766369098837 0.00026397043257020414 67
1766369112752 0.00026397043257020414 68
1766369115812 0.00026397043257020414 69
1766369124224 0.00026397043257020414 70
1766369127439 0.00026397043257020414 71
1766369130337 0.00026397043257020414 72
1766369134970 0.00026397043257020414 73
1766369142411 0.00026397043257020414 74
1766369147308 0.00026397043257020414 75
1766369151619 0.00026397043257020414 76
1766369153759 0.00026397043257020414 77
1766369162350 0.00026397043257020414 78
1766369164456 0.00026397043257020414 79
1766369170851 0.00026397043257020414 80
1766369172970 0.00026397043257020414 81
1766369175074 0.00026397043257020414 82
1766369179278 0.00026397043257020414 83
1766369185649 0.00026397043257020414 84
1766369189918 0.00026397043257020414 85
1766369194166 0.00026397043257020414 86
1766369196383 0.00026397043257020414 87
1766369205342 0.00026397043257020414 88
1766369207833 0.00026397043257020414 89
1766369214189 0.00026397043257020414 90
1766369216369 0.00026397043257020414 91
1766369218506 0.00026397043257020414 92
1766369222732 0.00026397043257020414 93
1766369229177 0.00026397043257020414 94
1766369233441 0.00026397043257020414 95
1766369237793 0.00026397043257020414 96
1766369239912 0.00026397043257020414 97
1766369248480 0.00026397043257020414 98
1766369250652 0.00026397043257020414 99
1766369257339 0.00026397043257020414 100
1766369259552 0.00026397043257020414 101
1766369261665 0.00026397043257020414 102
1766369266045 0.00026397043257020414 103
1766369272427 0.00026397043257020414 104
1766369276669 0.00026397043257020414 105
